0 0.2247844828125 0.5388888888888889 0.2421875 0.43333333333333335 0.240625 0.41388888888888886 0.2328125 0.40555555555555556 0.234375 0.3611111111111111 0.24375 0.3277777777777778 0.265625 0.28888888888888886 0.265625 0.2638888888888889 0 0.11087833611111111 0 0.4726267527777778 0.10968750000000001 0.5388888888888889 0.2247844828125 0.5388888888888889
1 0.8051682687499999 0.5388888888888889 0.809375 0.525 0.76875 0.425 0.753125 0.4027777777777778 0.721875 0.4222222222222222 0.69375 0.4583333333333333 0.65126953125 0.5388888888888889 0.8051682687499999 0.5388888888888889
0 0.5 0.5388888888888889 0.3216145828125 0.5388888888888889 0.31875 0.6916666666666667 0.309375 0.8361111111111111 0.3140625 0.8972222222222223 0.33125 0.9083333333333333 0.5 0.9104916055555555 0.5 0.5388888888888889
0 0.5 0.5388888888888889 0.32141719687500003 0.5388888888888889 0.309375 0.875 0.3140625 0.8972222222222223 0.3328125 0.9083333333333333 0.5 0.9105028388888889 0.5 0.5388888888888889
0 0.5 0.5388888888888889 0.3195652171875 0.5388888888888889 0.3109375 0.8916666666666667 0.3296875 0.9083333333333333 0.5 0.9083333333333333 0.5 0.5388888888888889
0 0.5 0.5388888888888889 0.32135791406249997 0.5388888888888889 0.3109375 0.825 0.3109375 0.8888888888888888 0.3171875 0.9 0.3328125 0.9083333333333333 0.49375 0.9111111111111111 0.5 0.9111111111111111 0.5 0.5388888888888889
0 0.5 0.5388888888888889 0.321383928125 0.5388888888888889 0.3109375 0.8277777777777777 0.3109375 0.8888888888888888 0.3171875 0.9 0.3328125 0.9083333333333333 0.49375 0.9111111111111111 0.5 0.9102981027777778 0.5 0.5388888888888889
0 0.5 0.5388888888888889 0.321383928125 0.5388888888888889 0.3109375 0.8277777777777777 0.3109375 0.8888888888888888 0.3171875 0.9 0.3328125 0.9083333333333333 0.49375 0.9111111111111111 0.5 0.9102981027777778 0.5 0.5388888888888889
0 0.5 0.5388888888888889 0.32165421250000004 0.5388888888888889 0.31875 0.6972222222222222 0.309375 0.8472222222222222 0.3109375 0.8888888888888888 0.3171875 0.9 0.3328125 0.9083333333333333 0.49375 0.9111111111111111 0.5 0.9111111111111111 0.5 0.5388888888888889
0 0.5 1 0.6608245484374999 1 0.6515625 0.7722222222222223 0.646875 0.7611111111111111 0.6109375 0.7583333333333333 0.5 0.7583333333333333 0.5 1
0 0.5 1 0.6608245484374999 1 0.6515625 0.7722222222222223 0.6453125 0.7611111111111111 0.6109375 0.7583333333333333 0.5 0.7583333333333333 0.5 1
0 0.5 1 0.6608245484374999 1 0.6515625 0.7722222222222223 0.646875 0.7611111111111111 0.609375 0.7583333333333333 0.5 0.7583333333333333 0.5 1